638,35
10,89
10,95
10,79
10,291
10,169
10,67
10,157
10,235
10,2
10,3
9,7
9,2
9,3
8,4
8,6
8,18
619,4
619,3
619,2
619,1
619,0
618,3
618,2
618,1
618,0
617,3
617,2
617,1
617,0
616,3
616,2
616,1
616,0
20,3
20,2
20,1
19,3
19,2
19,1
12,3
12,2
12,1
11,28
11,27
11,26
11,25
11,24
11,23
11,22
11,21
11,20
11,19
11,18
11,17
11,16
11,15
11,14
18,1
11,13
18,3
11,12
11,11
11,10
11,9
11,8
11,7
11,6
11,5
11,4
11,3
14,1
11,2
14,3
11,1
10,300
10,299
13,1
13,3
10,297
10,292
10,283
10,282
10,280
10,279
10,277
10,276
10,275
10,274
10,271
10,269
10,268
10,267
10,263
10,262
10,259
10,258
10,257
10,256
10,254
10,247
10,243
10,242
10,237
10,234
10,233
10,229
10,227
10,226
10,225
10,224
10,217
10,216
10,207
10,206
10,204
10,201
10,199
10,192
